Map from character to field name
A:	
B:	Anseriformes
C:	Canine
D:	Enviroment
E:	Galliformes
F:	Human
G:	Swine
H:	?


Substitution rate (mu): 2.220149

Equilibrium frequencies (pi_i):
  A: 0.126
  B: 0.1368
  C: 0.1267
  D: 0.1378
  E: 0.1227
  F: 0.1332
  G: 0.2169

Symmetrized rates from j->i (W_ij):
	A	B	C	D	E	F	G
  A	0	1.5009	1.0457	1.0441	1.042	1.0272	0.8545
  B	1.5009	0	1.4984	1.9916	1.4956	0.9782	1.1855
  C	1.0457	1.4984	0	1.0421	1.0401	1.0252	0.8514
  D	1.0441	1.9916	1.0421	0	1.0381	1.0218	0.8404
  E	1.042	1.4956	1.0401	1.0381	0	2.0453	0.852
  F	1.0272	0.9782	1.0252	1.0218	2.0453	0	1.6785
  G	0.8545	1.1855	0.8514	0.8404	0.852	1.6785	0

Actual rates from j->i (Q_ij):
	A	B	C	D	E	F	G
  A	0	0.1891	0.1317	0.1315	0.1313	0.1294	0.1076
  B	0.2053	0	0.2049	0.2724	0.2045	0.1338	0.1621
  C	0.1325	0.1898	0	0.132	0.1318	0.1299	0.1078
  D	0.1439	0.2744	0.1436	0	0.143	0.1408	0.1158
  E	0.1279	0.1836	0.1277	0.1274	0	0.2511	0.1046
  F	0.1368	0.1303	0.1365	0.1361	0.2724	0	0.2235
  G	0.1853	0.2571	0.1846	0.1822	0.1848	0.364	0
